%YAML:1.0
R: !!opencv-matrix
   rows: 3
   cols: 3
   dt: d
   data: [ 9.9036394612240009e-01, -2.3732851445039138e-03,
       -1.3846884753795938e-01, 5.0511500872703775e-03,
       9.9980689687573843e-01, 1.8990914735799818e-02,
       1.3839703791506389e-01, -1.9507344189546336e-02,
       9.9018469156971267e-01 ]
T: !!opencv-matrix
   rows: 3
   cols: 1
   dt: d
   data: [ 3.1458844374623811e+00, 1.7283308132115668e-01,
       2.2895786582911107e+01 ]
R1: !!opencv-matrix
   rows: 3
   cols: 3
   dt: d
   data: [ 2.7194861387907682e-01, -1.2171508472808536e-02,
       9.6223479764075504e-01, 4.6747960146467891e-03,
       9.9992491918969295e-01, 1.1327059005205815e-02,
       -9.6230041966709656e-01, 1.4178734013732238e-03,
       2.7198509507608581e-01 ]
R2: !!opencv-matrix
   rows: 3
   cols: 3
   dt: d
   data: [ 1.3611744535380882e-01, 7.4782141460478409e-03,
       9.9066448275061236e-01, 6.8819766560540487e-04,
       9.9997055487184294e-01, -7.6430212135915063e-03,
       -9.9069246865731542e-01, 1.7221215068061991e-03,
       1.3610829086866777e-01 ]
P1: !!opencv-matrix
   rows: 3
   cols: 4
   dt: d
   data: [ -5.9710663190897040e-01, 0., 3.0103134942054749e+02, 0., 0.,
       -5.9710663190897040e-01, 1.7847513318061829e+02, 0., 0., 0., 1.,
       0. ]
P2: !!opencv-matrix
   rows: 3
   cols: 4
   dt: d
   data: [ -5.9710663190897040e-01, 0., 3.0103134942054749e+02,
       -1.3800056678594185e+01, 0., -5.9710663190897040e-01,
       1.7847513318061829e+02, 0., 0., 0., 1., 0. ]
Q: !!opencv-matrix
   rows: 4
   cols: 4
   dt: d
   data: [ 1., 0., 0., -3.0103134942054749e+02, 0., 1., 0.,
       -1.7847513318061829e+02, 0., 0., 0., -5.9710663190897040e-01, 0.,
       0., -4.3268418805494202e-02, 0. ]
